OBJECTID,ON10mDEM,UAVDSM,x,y
1,348.990417480468750,349.079467773437500,1288710.231200002133846,11885433.758200000971556
2,348.261077880859375,347.155517578125000,1288636.147699996829033,11885439.049899999052286
3,345.459167480468750,346.112548828125000,1288705.733300000429153,11885323.426699999719858
4,344.814910888671875,344.659240722656250,1288564.710100002586842,11885302.789200000464916
5,344.422546386718750,345.501342773437500,1288640.116499997675419,11885296.439199998974800
6,344.965087890625000,346.647735595703125,1288764.206299997866154,11885246.102099999785423
7,344.126708984375000,344.435089111328125,1288497.803400002419949,11885286.781899999827147
8,344.393035888671875,346.023132324218750,1288446.540299996733665,11885231.219300001859665
9,346.400756835937500,346.231964111328125,1288410.623000003397465,11885203.305700000375509
10,344.010620117187500,344.463989257812500,1288478.885700002312660,11885199.072299998253584
11,343.797332763671875,344.875762939453125,1288503.756499998271465,11885150.918099999427795
12,346.290435791015625,346.871643066406250,1288388.927199997007847,11885174.201400000602007
13,346.072662353515625,346.260925292968750,1288392.102200001478195,11885139.276399999856949
14,345.197753906250000,345.653747558593750,1288418.031400002539158,11885105.938799999654293
15,344.295043945312500,345.087554931640625,1288454.014799997210503,11885082.655400000512600
16,343.693695068359375,344.513153076171875,1288472.535700000822544,11885050.905400000512600
17,344.170898437500000,344.140197753906250,1288480.473200000822544,11885015.980300001800060
18,343.814788818359375,344.184722900390625,1288487.881499998271465,11884990.051100000739098
19,344.557434082031250,344.663146972656250,1288513.810699999332428,11884966.767700001597404
20,344.805053710937500,344.965515136718750,1288543.973300002515316,11884946.659299999475479
21,344.484039306640625,345.234344482421875,1288588.423399999737740,11884940.838500000536442
22,344.202484130859375,344.694183349609375,1288624.406800001859665,11884943.484299998730421
23,343.902069091796875,344.499389648437500,1288639.752700001001358,11884937.663499999791384
24,344.559783935546875,345.057006835937500,1288639.223499998450279,11884908.030099999159575
25,344.195251464843750,345.417633056640625,1288667.269400000572205,11884875.750799998641014
26,343.606872558593750,345.656890869140625,1288687.377700001001358,11884830.242400001734495
27,342.536956787109375,345.166290283203125,1288704.840300001204014,11884813.309000000357628
28,342.179748535156250,343.565521240234375,1288717.540299996733665,11884828.125700000673532
29,343.087921142578125,344.233367919921875,1288698.490299999713898,11884879.984200000762939
30,343.318756103515625,344.328552246093750,1288674.148599997162819,11884912.792599998414516
31,343.621032714843750,344.254272460937500,1288656.685999996960163,11884929.725900001823902
32,346.092712402343750,346.114837646484375,1288540.269100002944469,11884914.380100000649691
33,344.668395996093750,344.720733642578125,1288450.839800000190735,11884972.059399999678135
34,345.309417724609375,345.320007324218750,1288396.335500001907349,11884955.125999998301268
35,346.515838623046875,346.228271484375000,1288350.297899998724461,11884942.955099999904633
36,347.002593994140625,345.279327392578125,1288321.722900003194809,11884924.963399998843670
37,347.362243652343750,346.282531738281250,1288306.641599997878075,11884901.150899998843670
38,348.187194824218750,346.285919189453125,1288279.124799996614456,11884864.638300001621246
39,348.136047363281250,345.785369873046875,1288234.674800001084805,11884860.405000001192093
40,348.247680664062500,345.409637451171875,1288178.582999996840954,11884854.584100000560284
41,348.430358886718750,345.066772460937500,1288150.007899999618530,11884837.121599998325109
42,349.668762207031250,347.263275146484375,1288303.466600000858307,11884830.242400001734495
43,350.994476318359375,348.433593750000000,1288331.512500002980232,11884801.667399998754263
44,350.798034667968750,348.742492675781250,1288354.795800000429153,11884792.142299998551607
45,350.645141601562500,348.682189941406250,1288395.541699998080730,11884806.429900001734495
46,350.734100341796875,347.795318603515625,1288422.000100001692772,11884794.788199998438358
47,348.458801269531250,344.912719726562500,1288416.179300002753735,11884757.217300001531839
48,347.122528076171875,343.985961914062500,1288399.245899997651577,11884727.583900000900030
49,347.319763183593750,343.734405517578125,1288356.912500001490116,11884707.475499998778105
50,348.371276855468750,344.016967773437500,1288304.524899996817112,11884700.596299998462200
51,344.740325927734375,342.159271240234375,1288443.696000002324581,11884705.888000000268221
52,345.673309326171875,345.969543457031250,1288584.454599998891354,11884910.146699998527765
53,344.989318847656250,345.093688964843750,1288596.625500001013279,11884926.550900001078844
54,347.042663574218750,348.186431884765625,1288585.512999996542931,11884883.159200001507998
55,348.378051757812500,350.390319824218750,1288588.158799998462200,11884856.171599999070168
56,348.695648193359375,349.690582275390625,1288571.225400000810623,11884825.479899998754263
57,345.744293212890625,345.085601806640625,1288583.925499998033047,11884782.617300000041723
58,343.037994384765625,343.815917968750000,1288618.585900001227856,11884720.175500001758337
59,341.214996337890625,344.915374755859375,1288627.052599996328354,11884705.888000000268221
60,343.288330078125000,344.068084716796875,1288654.569399997591972,11884657.733699999749660
61,343.100280761718750,343.534118652343750,1288685.790200002491474,11884605.346099998801947
62,344.481719970703125,344.241119384765625,1288742.940399996936321,11884504.804299999028444
63,343.529357910156250,341.399627685546875,1288387.868799999356270,11884624.396200001239777
64,344.121490478515625,341.881927490234375,1288421.206399999558926,11884670.433800000697374
65,345.467559814453125,345.264160156250000,1288708.015299998223782,11884231.753699999302626
66,345.084136962890625,345.665588378906250,1288739.765399999916553,11884307.953899998217821
67,346.316528320312500,348.294311523437500,1288772.573799997568130,11884394.208200000226498
68,346.177154541015625,347.051910400390625,1288796.386299997568130,11884452.416700001806021
69,343.108367919921875,341.631896972656250,1288683.673600003123283,11884338.116399999707937
70,342.694580078125000,342.368438720703125,1288688.965300001204014,11884531.791799999773502
71,343.370178222656250,343.241882324218750,1288700.077799998223782,11884427.545800000429153
72,344.956970214843750,346.960784912109375,1288860.415600001811981,11884514.329300001263618
73,344.752929687500000,346.688537597656250,1288908.569899998605251,11884558.250199999660254
74,343.144989013671875,339.749237060546875,1288334.422899998724461,11884555.604400001466274
75,341.992919921875000,344.311340332031250,1289006.995099999010563,11884641.329500000923872
76,341.146545410156250,341.658172607421875,1288975.774199999868870,11884787.909000001847744
77,345.076080322265625,347.966186523437500,1288929.736599996685982,11884841.354899998754263
78,338.677001953125000,340.271545410156250,1288862.452899999916553,11884762.376699998974800
79,339.201293945312500,339.779266357421875,1288792.012699998915195,11884767.398499999195337
80,340.472412109375000,342.111724853515625,1288768.385399997234344,11884951.760499998927116
81,341.950347900390625,343.514984130859375,1288824.344899997115135,11884974.382399998605251
82,343.675720214843750,344.663116455078125,1288867.207500003278255,11884987.876200001686811
83,342.574554443359375,346.826934814453125,1288711.499899998307228,11885110.510800000280142
84,343.339111328125000,345.866912841796875,1288616.249700002372265,11885129.693100001662970
85,347.105590820312500,347.859069824218750,1288765.739600002765656,11885332.099800001829863
86,340.941802978515625,342.625579833984375,1288795.902099996805191,11884614.230900000780821
87,341.784606933593750,339.113342285156250,1288922.902400001883507,11884799.175000000745058
88,346.757263183593750,349.496185302734375,1288603.020499996840954,11884866.643899999558926
89,347.243316650390625,349.360229492187500,1288606.989200003445148,11884838.862599998712540
90,342.689544677734375,341.448974609375000,1288587.939199998974800,11884722.974800001829863
91,342.823028564453125,341.663146972656250,1288631.595499999821186,11884646.774700000882149
92,342.749481201171875,342.568634033203125,1288672.870600000023842,11884571.368299998342991
93,344.401031494140625,343.442413330078125,1288496.657799996435642,11884722.181099999696016
94,345.142517089843750,343.901885986328125,1288521.264100000262260,11884738.056099999696016
95,344.927429199218750,344.354980468750000,1288553.014100000262260,11884761.868700001388788
96,347.585540771484375,347.667755126953125,1288538.726599998772144,11884794.412500001490116
97,345.403778076171875,344.713562011718750,1288503.007799997925758,11884739.908199999481440
98,346.928771972656250,346.091766357421875,1288492.159800000488758,11884759.487399999052286
99,350.187194824218750,350.078765869140625,1288464.378499999642372,11884802.879200000315905
100,349.530151367187500,349.712280273437500,1288487.397299997508526,11884803.143699999898672
101,349.746429443359375,350.145660400390625,1288510.680699996650219,11884825.104200001806021
102,350.220703125000000,350.448730468750000,1288496.922300003468990,11884843.360500000417233
103,349.333007812500000,349.816711425781250,1288481.311899997293949,11884875.375100001692772
104,349.982238769531250,349.870788574218750,1288465.436899997293949,11884859.764699999243021
105,350.625701904296875,350.290039062500000,1288449.032700002193451,11884853.943799998611212
106,350.098022460937500,350.614440917968750,1288411.726300001144409,11884845.741700001060963
107,345.193450927734375,347.246124267578125,1288662.287299998104572,11884838.333399999886751
108,345.298156738281250,347.559631347656250,1288654.614299997687340,11884814.785399999469519
109,343.515289306640625,341.291656494140625,1288618.366300001740456,11884739.379000000655651
110,341.668853759765625,340.435546875000000,1288629.478900000452995,11884725.885200001299381
111,343.301300048828125,343.476409912109375,1288613.868400000035763,11884765.308200001716614
112,341.865661621093750,340.834564208984375,1288640.855999998748302,11884747.845699999481440
113,340.880401611328125,342.109008789062500,1288653.556000001728535,11884764.779100000858307
114,341.983276367187500,340.683471679687500,1288646.412199996411800,11884694.928899999707937
115,350.913940429687500,348.861083984375000,1288098.207000002264977,11885072.090999998152256
116,349.544311523437500,348.041595458984375,1288139.482100002467632,11885064.682599999010563
117,349.329345703125000,349.252136230468750,1288124.136200003325939,11885096.961899999529123
118,350.201080322265625,348.302947998046875,1288116.727899998426437,11885063.624299999326468
119,349.704254150390625,349.604187011718750,1288186.048900000751019,11884948.794900000095367
120,350.143005371093750,349.418304443359375,1288178.111400000751019,11884953.028200000524521
121,350.540527343750000,350.376342773437500,1288167.326899997889996,11884929.691899999976158
122,349.759307861328125,349.974151611328125,1288185.900700002908707,11884939.375700000673532
123,349.722534179687500,349.241424560546875,1288191.933200001716614,11884928.898200001567602
124,350.776489257812500,349.071777343750000,1288091.576600000262260,11885140.591699998825788
125,350.024505615234375,349.119750976562500,1288072.394199997186661,11885118.102099999785423
126,353.210601806640625,350.549621582031250,1288058.503600001335144,11885038.065499998629093
127,351.838439941406250,349.737609863281250,1288077.685900002717972,11885056.586399998515844
128,350.840179443359375,349.602172851562500,1288076.362999998033047,11885088.336399998515844
129,350.133819580078125,349.479705810546875,1288063.795199997723103,11885110.164599999785423
130,350.190979003906250,348.975708007812500,1288061.149400003254414,11885141.914700001478195
131,346.310791015625000,344.919311523437500,1288339.006599999964237,11885056.630499999970198
132,346.842376708984375,345.451995849609375,1288311.278200000524521,11885067.002099998295307
133,347.213745117187500,345.619934082031250,1288288.206500001251698,11885084.993900001049042
134,347.484741210937500,346.030731201171875,1288272.119800001382828,11885082.453800000250340
135,347.964660644531250,346.682891845703125,1288235.078000001609325,11885089.862199999392033
136,349.724426269531250,349.111938476562500,1288319.321500003337860,11885278.457600001245737
137,345.593078613281250,344.769317626953125,1288418.143600001931190,11885277.266899999231100
138,344.767578125000000,345.518035888671875,1288428.065499998629093,11885255.041900001466274
139,348.307556152343750,345.707061767578125,1288301.462099999189377,11885315.763900000602007
140,346.497497558593750,344.601379394531250,1288331.227799996733665,11885332.432700000703335
141,348.467498779296875,347.038513183593750,1288478.071800000965595,11885411.410999998450279
142,346.968444824218750,346.873535156250000,1288496.328100003302097,11885367.357700001448393
143,346.346313476562500,345.108032226562500,1288445.527999997138977,11885365.770199999213219
144,346.919708251953125,345.988800048828125,1288415.762299999594688,11885396.329700000584126
145,346.395202636718750,344.765777587890625,1288340.752800002694130,11885416.570300001651049
146,345.569885253906250,344.334442138671875,1288354.246600002050400,11885379.263999998569489
147,345.078308105468750,344.352325439453125,1288376.074799999594688,11885350.292100001126528
148,344.698669433593750,344.557281494140625,1288405.046700000762939,11885333.623300001025200
149,344.942169189453125,344.170745849609375,1288429.256099998950958,11885336.798300001770258
150,344.959808349609375,344.014892578125000,1288448.306199997663498,11885326.876400001347065
151,344.732025146484375,344.456512451171875,1288464.578100003302097,11885318.145100001245737
152,344.588317871093750,344.127593994140625,1288480.056199997663498,11885311.001400001347065
153,344.503631591796875,344.084014892578125,1288437.987400002777576,11885318.145100001245737
154,346.105346679687500,345.193481445312500,1288347.499700002372265,11885309.413899999111891
155,347.022827148437500,344.724975585937500,1288294.715199999511242,11885374.898400001227856
156,346.904449462890625,344.580566406250000,1288304.240199998021126,11885353.467099998146296
157,347.127258300781250,344.995758056640625,1288316.741800002753735,11885457.170699998736382
158,347.128784179687500,345.076324462890625,1288314.360600002110004,11885475.427000001072884